12.8633498, 4.94189713, -0.130817588
14.6197477, 4.63292163, -0.253787563
16.434228, 4.5963388, -0.254830336
17.7825155, 4.50716728, -0.34770863
18.246999, 4.19726818, -0.536236524
18.7309292, 4.05526526, -0.453744252
19.419067, 3.76472202, -0.542163606
6.03046334, 8.59071433, -0.0977193636
5.48746095, 8.65347512, -0.18017265
3.63360165, 7.50321698, 0.0912683684
3.32094868, 7.87167318, 0.128452136
3.29386393, 7.96024597, 0.125737624
3.01030689, 7.94258528, 0.297839254
2.70019703, 7.51449682, 0.778650127
2.37016165, 7.24749143, 1.5780498
2.06375538, 7.03570856, 1.76766515
1.580743, 7.3890399, 1.67353599
2.20568118, 5.79769323, 0.969036569
1.38256101, 5.2137927, 1.04800898
-0.156704228, 4.22070126, 0.593490239
-2.62926862, 3.78886327, 0.509576461
-5.0845692, 3.20781289, 0.173546162
-7.94469345, 2.7375899, 0.091249037
-10.1962891, 2.98999077, 0.0576705007
-12.2315077, 3.8340795, 0.00646441404
-12.8243752, 3.67568084, -0.0521243562
-13.1622248, 3.22783496, -0.0415993169
-7.76055403, 3.48952065, -0.155174672
-7.59271265, 3.12232362, -0.208428034
-6.81192452, 3.37278614, -0.365136757
-5.56461078, 3.20008895, -0.368176076
-4.14131323, 2.94337789, -0.404945663
-2.29302809, 2.24638457, -0.372250248
-1.16412021, 1.77962207, -0.393924505
-1.4110392, 2.0887545, -0.459132788
-2.58772921, 2.9369408, -0.556365792
-3.75752353, 4.24537727, -0.643062015
-1.76237165, 4.16437004, -0.276155885
0.395192329, 6.2387895, -0.462219209
2.07446733, 7.08850047, -0.471751339
2.59592792, 8.57882142, -0.599120983
2.79288061, 9.92627099, -0.676030464
2.92484371, 11.0969008, -0.681612433
2.61959283, 11.6825323, -0.605143002
2.20829834, 11.7416523, -0.651004381
1.96704462, 11.9783846, -0.75978581
1.9501919, 12.6115179, -0.848387545
4.26621536, 8.93801636, -0.0916933883
3.95897145, 8.62890012, -0.0698878307
3.28319634, 7.97724726, -0.093219857
2.50795176, 6.67456967, -0.039130654
1.42307581, 4.78691651, 0.0110618086
0.252480193, 3.6607377, 0.0387693438
-1.42957206, 3.7461413, -0.0245959216
-4.1494014, 3.93545275, -0.103194861
-7.25801478, 2.59142826, -0.0207343626
-8.32982583, 3.23324291, -0.0271514023
-7.66673195, 4.13930617, 0.22575751
-7.94927994, 4.68232571, 0.197881796
-6.84023172, 4.44134194, 0.213622028
-6.52755924, 4.36843968, 0.145387956
-5.96907184, 4.79190709, 0.175066992
-4.84345171, 4.80661611, 0.213757226
-3.07940992, 3.84290704, 0.213361199
-2.94607572, 3.62916309, 0.28994304
-3.47869521, 4.00739181, 0.343507456
-4.40538255, 4.99480639, 0.24858415
-7.48809209, 4.57554324, 0.197277373
-7.75336011, 5.17122185, 0.190198939
-7.58277738, 4.81782772, 0.106072667
-7.40766943, 4.58729327, 0.0806725513
-7.10396591, 4.45689806, 0.0941189864
-6.27384469, 4.24380781, 0.113301685
-4.52284257, 3.41553543, 0.0671402622
-3.53861003, 2.56977352, 0.170666577
-3.40076865, 0.463867851, 0.201809353
-2.81524477, -2.92385707, 0.175534734
-3.31057588, -6.20631653, -0.0960864965
-3.39990826, -7.67658959, 0.115269647
-3.63701934, -8.03710716, 0.126791825
-3.98033476, -8.08868197, -0.0530744036
-4.22894887, -8.07902855, 0.0245874863
-4.37881325, -7.96151171, -0.00170152559
-4.41733082, -7.69809224, 0.00786956986
-4.35033468, -7.73403986, 0.0295248016
-4.43674366, -7.99062453, 0.0624517044
-4.73618765, -8.06047881, 0.00353773166
-4.3419349, -8.2924703, -0.0216791765
-4.31149817, -8.35603617, -0.100343858
-4.25892493, -7.91947398, 0.0120177874
-3.76789631, -6.94020077, -0.0469911744
-3.31119623, -5.41920976, -0.0133943792
-2.17508065, -3.57950812, -0.00285376753
-0.627547361, -3.2429579, -0.0483673505
1.76710393, -4.10384904, -0.122361539
5.2998073, -3.47831769, -0.0953912697
6.96283065, -3.22852086, -0.200545915
7.79143, -4.02431062, -0.060311521
8.40437432, -4.19700028, -0.0564312659
8.0296865, -3.63991554, -0.0742392856
7.46502984, -3.50845968, -0.027809091
5.75316958, -3.06028941, 0.0399592439
5.151309, -3.06969216, 0.073485493
5.15062322, -2.57752616, -0.00821523972
5.32810582, -0.68593661, -0.0655718435
4.84725533, 1.8723737, -0.00435831641
3.61653005, 3.68893151, 0.021520662
3.28981519, 3.37585515, 0.13541768
3.89700954, 1.20564594, 0.162585954
3.79303995, -1.16132248, 0.091003291
4.9060265, -2.71678105, 0.0562114994
6.27392047, -3.51699658, -0.0144735712
7.13297393, -4.1311193, 0.0202330289
7.69679709, -4.50890116, 0.0944306104
7.78071044, -4.23637537, 0.119715166
7.45680062, -4.02061571, 0.00297241757
7.19781059, -3.75342785, 0.104701668
6.08447372, -2.60561279, 0.0395098563
5.12484388, -2.18418842, 0.0515872741
3.55590345, -1.71509488, 0.0425776824
2.03060336, -1.02714406, 0.0479235463
1.29473369, -0.654169964, 0.0269847878
1.79014979, -1.75073572, 0.0486924708
0.83807055, -3.77859311, 0.0554383642
-2.09932555, -5.33167522, 0.153436954
-3.68937773, -6.68818951, 0.127924912
-4.24821321, -8.12957738, 0.198424187
-4.72344946, -9.7357541, 0.170291966
-4.66415995, -10.2638879, 0.17570786
-4.96865182, -10.1143275, 0.0409854756
-5.26166127, -10.5260587, 0.127789431
-5.30031414, -10.7226309, 0.148250315
-5.0797471, -10.6655073, 0.14063229
-4.76745009, -10.4247033, 0.0426125731
-4.19286206, -9.53539997, 0.134508568
-3.3699443, -7.82281247, 0.171658241
-2.25887766, -5.70187082, 0.101806479
-0.971021544, -5.12585685, 0.163243509
1.60367998, -4.83795306, 0.118733717
3.97180685, -3.55757083, 0.0383559262
5.61623251, -3.12704048, 0.229858818
6.76157111, -3.83100282, 0.14859746
8.27260706, -4.02702522, 0.109041384
8.29504992, -3.9322901, 0.229067697
7.62544184, -4.65837888, 0.215513979
8.04226282, -5.01979131, 0.231023934
7.56869237, -5.4685802, 0.355641746
5.12748804, -6.57498455, 0.144838512
5.140646, -7.10435926, 0.0695525845
4.71191085, -8.27803537, 0.173470508
4.45467866, -8.35998574, 0.0844530074
3.11153633, -8.63603526, 0.085204645
2.10548596, -8.09700924, 0.0783168398
1.85297218, -6.49770347, 0.060495823
1.5816898, -6.68799736, 0.0100402314
1.98821441, -7.43043213, -0.117784597
2.56203398, -8.4026419, 0.00036478979
3.51675274, -8.77055767, 0.0163614961
3.52985621, -8.74117349, -0.0253489981
3.43430534, -8.48740712, -0.106727191
3.23228051, -8.03311996, 0.0453269327
2.29136749, -6.4424762, -0.0502978502
2.56924991, -4.93393072, 0.0444637808
4.5358304, -3.6398648, 0.0798797953
5.70730107, -3.75489892, 0.006226006
6.10042489, -4.65498055, -0.0140919996
6.55049516, -5.14787856, 0.0125518955
6.79079163, -4.94601291, -0.0174347991
7.17902454, -5.48568828, 0.0101078957
6.79964393, -4.6375958, 0.186902878
6.92251749, -4.86022548, -0.0357461909
7.15846966, -5.0264462, 0.0609174101
7.0391041, -5.0748556, -0.0104804619
6.88444547, -4.78094453, -0.0369808883
6.36304011, -4.23596119, 0.0888911229
5.31418145, -3.63893335, 0.0955509738
3.8470847, -2.81053775, 0.0569882358
1.99725058, -1.512442, -0.00052519727
1.85172211, -0.620969768, 0.0395097946
2.76043095, 0.481516429, -0.0221569576
3.53580535, 3.02813525, -0.453365961
4.31896631, 5.52857491, -0.682829809
4.90137283, 7.56386485, -0.678592572
5.91654739, 8.39931377, -0.706155091
6.50891835, 8.74237555, -0.579476318
6.77807996, 8.82677538, -0.703567229
7.14735261, 8.69657451, -0.662773688
6.51376164, 7.49757398, -0.00770603969
6.70137564, 7.22699642, -0.0417191094
6.81374174, 7.15375146, 0.130505862
7.37460652, 6.65584413, 0.0137532427
7.59998828, 6.14107721, 0.014554554
7.33836207, 5.74079221, 0.0344187033
7.01753042, 4.59236328, 0.0239304915
6.40458378, 2.68307284, 0.247419565
6.04208247, 2.30099324, 0.205964811
4.67644875, 3.16583739, 0.398356134
-0.791029434, 5.58523173, 0.599145508
-3.49788362, 5.74270679, 0.790021584
-3.42764681, 5.63830352, 0.855744536
-3.57958348, 5.75878844, 0.856478977
-2.9438847, 5.11470537, 1.03438234
-2.56425712, 4.4776246, 0.921499604
-3.28708698, 3.48394748, 0.910227544
-3.79171185, 2.33294185, 0.883420753
-3.46990031, 1.16897769, 0.989531971
-3.27722452, -0.445944491, 0.853950292
-5.46948196, 2.64066532, 0.147773558
-5.28982889, 0.187677383, 0.0426028795
-4.93054458, -2.93098969, -0.291475937
-5.03940364, -3.72176988, -0.342038017
-5.20784681, -2.39770074, -0.272883467
-5.8753944, -1.08789005, -0.27540108
-6.72811097, -0.398356818, -0.322003907
-7.27216148, -0.498584524, -0.00974084403
-7.60942712, -1.37665132, 0.00983140524
-7.91597395, -2.90580084, 0.0411243034
-3.67631649, 4.5015976, 0.143894471
-4.10872486, 2.81786435, 0.213389376
-5.69845451, 1.67108489, -0.117523435
-7.40782153, 1.92421059, -0.291382157
-8.81549399, 2.63960483, -0.157089876
-9.95143322, 3.18306424, -0.0525226313
-10.3197419, 2.93886414, -0.147795853
-10.2890871, 2.62781704, -0.243791527
-10.345182, 2.45433915, -0.189730868
-10.0733133, 1.73557414, -0.255663314
-6.52309953, 3.06756455, 0.0829957129
-5.36346055, 3.7470686, -0.08935817
-3.37383537, 5.43657132, -0.0370828877
-0.132647851, 6.64293545, 0.0478159383
2.28044566, 7.36585537, 0.0426715709
2.70962802, 8.6248726, -0.0460415808
2.90247396, 10.2040245, -0.24071205
3.45246062, 11.7639261, -0.328832543
3.62996438, 13.1639185, -0.28069427
3.51764112, 14.0029992, -0.230196479
5.50134543, 11.6222599, -0.0740803693
5.47159385, 12.1958891, -0.0886281659
5.29766981, 12.0466494, -0.0608411673
5.13988298, 12.9824617, -0.144383599
5.84459668, 13.5393431, -0.34032377
6.63760754, 14.141206, -0.250794358
6.96992629, 14.6673563, -0.282093066
6.73257811, 14.6049185, -0.186020491
6.31229813, 13.8884066, -0.154303384
6.37356293, 14.6472966, -0.159781438
3.37552246, 8.05430393, 0.0535670728
4.86378593, 9.37873423, -0.0401443742
6.10736487, 9.9973988, -0.177843895
6.33869006, 10.8429143, -0.0804556321
6.36172053, 11.0667281, -0.123335542
6.48783716, 11.002214, -0.0610456082
5.83805443, 10.3045539, -0.107152368
4.88056674, 9.65511486, -0.0394030458
4.57586459, 8.3220742, -0.0563292414
5.59305817, 6.78990702, 0.264258093
3.83924335, 0.863060917, 0.409497063
4.88299751, -0.938573235, 0.698015811
5.51497168, -0.717739698, 0.53789451
6.49276374, -0.598158188, 0.600145612
6.908675, -0.564877552, 0.608071857
6.90364241, -0.20502241, 0.730498881
6.51794945, 0.092571402, 0.660529804
5.88737585, 0.625834938, 0.619160949
5.26949288, 1.28512047, 0.653632654
4.91240572, 2.48955999, 0.436971081
6.4301783, -2.23192082, 0.123726092
6.04603216, -1.50878081, 0.0866958024
5.36630759, -1.02257072, -0.0173475205
4.71355601, -0.455472249, -0.0424120504
3.41609781, -0.111602099, -0.0690824194
1.2098205, -0.780444299, -0.114010046
0.0567011043, -1.91944483, -0.29972581
-0.316027423, -3.70648649, -0.352601298
-0.89234683, -6.99718578, -0.488277233
-2.11763794, -10.6609121, -0.559562351
1.19377667, -11.7471576, -0.286296625
1.24559403, -12.2898082, -0.238102065
0.972931748, -11.4432087, -0.166528953
0.779346723, -11.5420562, -0.163968767
0.820339915, -12.0780929, -0.301988828
0.664623914, -13.0391431, -0.256365492
0.353398452, -13.3839979, -0.36056399
0.156240891, -12.7405634, -0.422330411
-1.145927, -12.0639426, -0.46483683
-3.99135291, -11.36394, -0.425315621
-4.95474135, -4.02384824, 0.296323251
-6.31383404, -1.82428079, 0.437010533
-5.62955207, -0.684976116, 0.451373294
-6.15562477, 0.703841357, 0.608243042
-6.35178617, 1.01119875, 0.76565858
-6.12690979, 0.919590428, 0.709924242
-5.42883814, 0.452435562, 0.68634724
-4.7232485, -0.210710434, 0.599341041
-4.03860291, -0.969319958, 0.543107284
-2.54389305, -2.06945871, 0.50988769
-4.36536439, 3.55525538, -0.00804353652
-2.71713466, 1.14065211, -0.120238839
-2.53265581, -2.55370525, -0.371738989
-2.29712125, -5.72447167, -0.416639632
-2.9095947, -7.80846072, -0.528928204
-3.47147814, -9.82767508, -0.462838495
-3.94979071, -11.343395, -0.507320284
-3.92305353, -12.1125037, -0.455388742
-3.78413538, -12.3951737, -0.582280673
-3.97561663, -13.0566983, -0.686546738
-5.99375155, -11.0693366, -0.100843003
-6.21185359, -11.4647355, 0.032387549
-6.01404042, -11.5070816, -0.105585369
-6.06674851, -11.5532548, -0.143861601
-5.95710544, -11.4780468, -0.278318283
-5.75336297, -11.1877713, -0.228467744
-4.86869081, -10.1520056, -0.0522407941
-3.81694917, -8.83753111, -0.126565267
-3.00947401, -7.46965369, -0.0852630362
-3.74746135, -6.15226773, 0.0137685528
-3.90295151, -0.239089543, -0.0593876511
-4.60335645, 3.31280601, 0.0203396564
-4.5725543, 5.42471916, -0.087356335
-5.65222425, 7.39739623, -0.0419879653
-5.80028605, 8.18206839, -0.149200089
-5.43878223, 8.50824022, -0.0810896387
-4.82189031, 8.98988912, -0.0170128551
-3.67817751, 8.77807856, -0.14208393
-1.16897824, 7.8828618, -0.267086599
0.461099112, 8.274988, -0.378577349
-1.86785389, 4.88940077, -0.0161837892
0.753935052, 6.03284315, -0.0125436677
2.58879683, 5.9594071, -0.0895301342
3.82634847, 5.76482133, -0.0901308927
3.00281283, 6.1218877, -0.0585871418
0.626588246, 6.16826375, -0.0406658112
-2.09480144, 5.83664649, -0.0996695581
-4.26332041, 5.96829015, -0.0423939049
-5.93850083, 7.26057146, -0.00669481603
-7.43671691, 8.164761, 0.0507219328
-10.1725605, 5.84999954, -0.0346011053
-10.2134029, 5.7155824, -0.102758323
-8.82591311, 5.6903915, -0.152343125
-7.14814393, 4.73968149, -0.0997938762
-4.71546538, 3.47963798, -0.102817372
-3.06349887, 2.67854983, -0.048717131
-2.9559978, 3.30439145, -0.0835557209
-2.57908313, 5.54538107, -0.0458308691
0.448168043, 7.41388681, -0.107847046
3.68270172, 8.75783129, -0.0429585393
5.69567378, 8.24085539, 0.241122284
6.63418022, 9.48203187, 0.157443556
6.41607087, 9.48173559, 0.17055312
6.64060596, 9.54909077, 0.229473449
6.80864499, 9.61162679, 0.193087176
6.81640519, 9.55543532, 0.120922836
6.79441809, 9.27611796, 0.119495731
6.09340836, 8.20956139, 0.0127707202
5.43456191, 6.8426635, 0.0972422943
4.31386598, 4.77779737, 0.130567679
1.81020453, 4.42495153, 0.0335962794
-0.737526404, 4.57770512, -0.0755497805
-4.20110114, 3.80905382, -0.200702201
-7.25763893, 2.94127947, -0.0840454207
-9.12876015, 4.33849384, -0.0790632101
-10.4070676, 5.95341172, -0.274054605
-11.2296303, 6.75474805, -0.235447986
-11.501242, 7.04530105, -0.186045985
-11.4354106, 7.27399648, -0.282778317
-10.4095936, 7.28702117, -0.175790062
-7.8780143, 4.98075327, 0.0297933665
-8.69343779, 4.98766002, 0.195309294
-9.60048093, 5.26886662, -0.199740276
-10.3183191, 6.27970176, 0.0144195883
-10.2231021, 6.33459229, 0.217022197
-10.2561207, 5.91667778, -0.0506334172
-10.1862295, 5.74794931, 0.0239888077
-9.90119031, 5.64026537, -0.041863214
-9.95387691, 5.92457121, 0.080406941
-10.1325425, 6.39528031, 0.0498387813
-9.34063418, 5.61929151, 0.0265619671
-9.06553957, 5.69869114, 0.102029044
-7.60715355, 5.48941619, 0.0793722165
-6.00098814, 4.74752957, -0.0548253859
-3.68508782, 4.20266667, 0.10572812
-2.49578374, 2.99391749, 0.0544959302
-2.61445741, 2.18248943, 0.0779866309
-3.05057698, 2.29121481, 0.0735284598
-2.44294574, 2.48376843, 0.0905080267
-1.82503786, 2.13575986, 0.131222265
-3.45943474, 1.23195584, 0.118023565
-5.19302128, -1.11911289, 0.111229861
-5.05080194, -4.95802584, -0.0147751731
-4.93024071, -8.16446436, -0.0312544499
-5.69220553, -9.78266416, 0.0369203014
-5.82328861, -10.6990736, -0.146664422
-5.32296485, -10.8261679, 0.0288611827
-4.66555056, -10.9142597, 0.00805873052
-4.1619667, -11.1207309, 0.0300973469
-3.87886711, -11.5248639, 0.0536361967
-4.22547422, -10.7408718, 0.116981832
-3.81337901, -11.1737216, 0.0250696015
-3.59784795, -11.5870266, 0.069534196
-3.09993666, -11.7172624, 0.142750696
-2.67236558, -11.8718523, 0.129582101
-2.28365037, -11.7863609, 0.0872973077
-2.00257122, -11.7761702, 0.134437057
-1.5522737, -11.7386686, 0.0718182606
-1.11232661, -11.6118605, 0.0485171062
-0.674741286, -11.7490815, -0.018506802
0.372003732, -11.8881012, 0.12567741
0.845591626, -11.7278583, 0.0941327242
1.18897063, -11.4736738, 0.118692489
1.75106377, -11.4446281, 0.00847744748
2.22841938, -11.6268025, 0.0100179742
2.81438319, -11.7980757, 0.0672826101
3.45214686, -11.9382486, 0.0118683293
3.79390635, -12.0758589, 0.0230592628
3.64286464, -12.1815103, 0.0500710579
3.49342613, -12.1486619, 0.105728555
3.83490061, -12.0681708, 0.020335034
3.8350367, -12.142969, 0.136255505
3.80837154, -12.0572953, 0.0555093099
3.81997816, -12.1385533, 0.114977849
3.90716271, -12.2569036, -0.0435560476
3.997894, -12.3978572, 0.131745126
4.03523067, -12.4809433, 0.0634008843
4.00805355, -12.31031, -0.00171367168
3.76574301, -12.1413318, -0.0426609716
3.49714762, -11.6621616, 0.0275280056
3.00975229, -9.93792784, 0.130113976
2.49553441, -7.95306514, 0.0900076167
3.0384524, -6.1804284, 0.114941312
4.62777799, -3.65181711, 0.111029157
5.43609129, -0.23773687, 0.0724047373
5.22575345, 1.09616468, 0.119026599
4.34959691, 0.761185192, 0.105153232
2.67168629, 0.459871568, 0.0982592184
1.61326251, 0.505660479, 0.0955427372
2.00098822, 1.14398904, 0.141011913
3.66164118, 2.1246223, 0.0549053417
3.90256953, 4.88683946, -0.0295048046
3.52812691, 7.0312234, 0.0235253339
4.14854875, 8.43205856, 0.101216459
4.31763329, 9.56717874, -0.0240371125
4.48493015, 10.0295345, 0.0625295092
4.8262624, 10.24463, -0.019111604
5.07899961, 10.6069156, -0.126107337
5.1570924, 10.7448153, -0.0340347814
5.11748772, 10.479991, 0.0255080288
5.35751699, 9.64138353, -0.0488078212

